402
62
8
95
88
88
46
89
89
89
43
47
48
95
48
95
114
32
48
88
48
65
114
32
48
46
48
46
114
32
48
89
48
66
114
32
48
43
49
43
108
32
49
66
49
68
108
32
49
46
49
46
108
32
49
65
49
67
108
0
0
0
0
48
39
324
44
10
39
71
39
324
0
5
0
9
35
58
9
37
80
40
10
9
8
12
1
8
8
60
7
20
6
7
12
0
7
13
7
8
9
8
7
35
61
7
37
108
28
283
10
0
6
14
59
6
12
1
6
9
6
6
10
9
8
12
1
8
8
60
7
20
6
7
12
1
7
13
7
8
9
8
7
34
6
7
37
148
28
283
10
9
8
12
1
8
8
60
7
20
6
7
12
2
7
13
7
8
16
2
8
7
8
57
12
2
8
9
8
7
7
7
61
10
9
8
12
1
8
8
60
7
20
6
7
12
3
7
13
7
8
9
8
7
10
0
6
12
1
6
14
59
6
53
7
6
39
335
44
32
39
349
44
10
10
9
8
12
1
8
8
60
7
20
6
7
12
4
7
13
7
8
9
8
7
33
114
7
37
250
28
261
8
59
5
12
1
5
7
5
59
28
272
8
59
5
16
1
5
7
5
59
28
272
8
60
5
5
-1
5
7
5
60
28
283
8
60
7
12
1
7
7
7
60
8
0
7
35
59
7
37
316
8
9
7
12
1
7
24
6
7
35
60
7
37
316
28
71
5
1
7
7
7
58
28
71
8
0
0
10
0
1
12
1
1
28
357
8
0
0
10
0
1
12
1
1
6
1
9
28
369
5
5
0
8
57
1
28
357
9
1
2
45
2
12
1
1
30
0
357
40
9
1
2
17
9
1
35
59
1
13
9
1
37
394
45
2
28
387
12
1
1
30
0
357
40
44
91
45
2
44
93
28
387
